-1.972236790333204794e+02
-1.931346478138380576e+02
-2.013593134556227255e+02
-2.021360954914503623e+02
-1.980840902004652548e+02
-1.969084472332411337e+02
-1.946524319324904013e+02
-1.924715842876844931e+02
-1.877110466633253623e+02
-1.983187613163404990e+02
-1.974895367298536826e+02
-1.897135152492933798e+02
-1.946149782810621787e+02
-1.969198655758314658e+02
-1.972830209408217002e+02
-2.009799232159071494e+02
-2.031429180775099326e+02
-1.982304458294325400e+02
-1.987330946598463584e+02
-2.025604524288588095e+02
-1.910069865856581259e+02
-1.972554607067518759e+02
-1.986796664867811728e+02
-1.968539776478224326e+02
-2.024798917446547080e+02
-1.962115006122999716e+02
-1.990737294826918173e+02
-2.010667509708815146e+02
-2.006112260494642783e+02
-1.984335956249647666e+02
-1.969978227291517783e+02
-1.963943242702894736e+02
-2.024365801487379599e+02
-1.989121989880018759e+02
-2.017361001644545127e+02
-2.020083179150038291e+02
-2.003664569530897666e+02
-2.012517504368238974e+02
-1.996990790043287802e+02
-1.991310443554335166e+02
-1.969724568996840048e+02
-1.940175051365309287e+02
-1.979908094082289267e+02
-1.937984738026075888e+02
-1.981086749706678916e+02
-1.976746291790419150e+02
-1.969123153362684775e+02
-1.979276737842970419e+02
-1.978826512966566611e+02
-2.008941368732862998e+02
-1.994548306141310263e+02
-1.993718895588331748e+02
-1.955249309215956259e+02
-1.957444457683973837e+02
-1.990346393261366416e+02
-1.960347208652906943e+02
-1.986696242962294150e+02
-1.953634004269056845e+02
-1.971927156124525595e+02
-2.040960521374159384e+02
-1.980353297863417197e+02
-1.979063062344008017e+02
-1.964463019047194052e+02
-1.951695117626600791e+02
-1.959153675709181357e+02
-1.973363189373426962e+02
-2.005311116848402548e+02
-1.911970257435255576e+02
-2.004072951946669150e+02
-1.950498981151991416e+02
-1.960717467937880087e+02
-1.932674092922621298e+02
-2.010223607693129111e+02
-1.991390223179274130e+02
-1.904051990185194541e+02
-2.063539456997328330e+02
-2.030951618824415732e+02
-2.032377423916273642e+02
-1.960914406452589560e+02
-1.954871611271315146e+02
-1.963530954990797568e+02
-1.996381935749464560e+02
-1.947609247837477255e+02
-2.021297354374342490e+02
-2.005065641079359580e+02
-1.995708179150038291e+02
-2.020699658070021201e+02
-1.965975112591200400e+02
-2.036245898876600791e+02
-2.048494395885878134e+02
-1.951086263332777548e+02
-1.867563876781874228e+02
-2.023241076145582724e+02
-2.021981525097303916e+02
-2.003582744274550009e+02
-1.954173679027967978e+02
-2.005954746876173544e+02
-1.981102928791456748e+02
-2.052448415432386923e+02
-2.061763477001600791e+02
-1.905124087009840537e+02
-2.006706981335096884e+02
-1.999481625233107138e+02
-1.951945242557936240e+02
-1.933686494503431845e+02
-1.992797803554945517e+02
-1.922484616909437705e+02
-1.892909621868544150e+02
-1.913150586758070517e+02
-1.943795075092726279e+02
-1.913697328243666220e+02
-1.966670627270155478e+02
-1.927416634235792685e+02
-2.020347809467726279e+02
-1.973344220791273642e+02
