-2.166933813884523943e+02
-2.188363095119265154e+02
-2.165378914668825701e+02
-2.132605906322268083e+02
-2.116175027683046892e+02
-2.153715601756838396e+02
-2.185327030017641619e+02
-2.126962505176333025e+02
-2.163710389926699236e+02
-2.195725670650271013e+02
-2.211286764934328630e+02
-2.172693754031923845e+02
-2.151413732364443376e+02
-2.125553055599001482e+02
-2.133063994243410662e+02
-2.199091182544497087e+02
-2.184232011630800798e+02
-2.183156491115358904e+02
-2.202717562511232927e+02
-2.219167042567995622e+02
-2.207856708362368181e+02
-2.204100342586306169e+02
-2.188022442653444841e+02
-2.221346097781923845e+02
-2.184575129344729021e+02
-2.230765586688784197e+02
-2.204775820567873552e+02
-2.193478260829714372e+02
-2.187845617130068376e+02
-2.222102704837587908e+02
-2.106250611140993669e+02
-2.182407503917482927e+02
-2.259312935664919451e+02
-2.195669194057253435e+02
-2.191798530414370134e+02
-2.119298048808840349e+02
-2.163537598445681169e+02
-2.133348170116213396e+02
-2.169393683269289568e+02
-2.192308612659243181e+02
