-5.414709060395800577e+01
-5.265225832666003214e+01
-5.622660582269274698e+01
-5.814811675752245890e+01
-5.450731413568102823e+01
-5.851154964173876749e+01
-5.479423825944506632e+01
-5.842730038369738566e+01
-5.362256925309741007e+01
-5.541429417337023722e+01
-5.262496631349169718e+01
-5.853285353387438761e+01
-5.679222791398608194e+01
-5.097207968438708292e+01
-5.695281570161425577e+01
-5.954072039331042276e+01
-5.456567828858935343e+01
-5.702988021577441202e+01
-5.873892801011645304e+01
-5.646262090409838663e+01
-5.248654358590685831e+01
-5.755485217774950968e+01
-5.880893295014941202e+01
-5.700650351251208292e+01
-5.636257021630846964e+01
-5.715909044946276651e+01
-5.590804379190051066e+01
-5.767106979096972452e+01
-5.244461171830737101e+01
-5.444814388955676066e+01
-5.706856267655932413e+01
-5.830158989633166300e+01
-5.740481870378100382e+01
-5.426456992829882608e+01
-5.902848570550524698e+01
-5.627349441255175577e+01
-5.734697025025927530e+01
-5.441340677941882120e+01
-5.673793428147875773e+01
-5.426896088327013956e+01
-5.687913077081286417e+01
-5.509673350061022745e+01
-5.589870612824999796e+01
-5.686577265466296183e+01
-5.561782520021044718e+01
-5.689999907220446573e+01
-5.444432871545397745e+01
-5.412249725068652140e+01
-5.763025944436633097e+01
-5.960190336907946573e+01
-5.660531943048083292e+01
-5.938524954522692667e+01
-5.717156236375414835e+01
-5.505131690705859171e+01
-5.855331628526293741e+01
-5.778892963136279093e+01
-5.724478166307055460e+01
-5.827067296708666788e+01
-5.463918798173510538e+01
-5.739611690248095499e+01
-5.563930433000170694e+01
-5.803759186471545206e+01
-5.970624988282763468e+01
-5.424032204354845987e+01
-5.687643211091601358e+01
-5.777908628190600382e+01
-5.577831285203539835e+01
-5.554083078111254679e+01
-5.504619996751391398e+01
-5.527266710008227335e+01
-5.733510916436755167e+01
-5.733966033662402140e+01
-5.747851865495287882e+01
-5.674817817414843546e+01
-5.589915173257433878e+01
-5.342266814912402140e+01
-5.575931208337389933e+01
-5.612456743920886026e+01
-5.543618886674487101e+01
-5.594950502122485148e+01
-5.416388337815844523e+01
-5.709866349900805460e+01
-5.604119436944567667e+01
-5.414687531198107706e+01
-5.467406528199755655e+01
-5.828125732148730265e+01
-5.579096000398241983e+01
-5.955112951005541788e+01
-5.720748107637011515e+01
-5.571953814233386026e+01
-5.530916660035693155e+01
-5.698724239076220499e+01
-5.941885512078845011e+01
-5.688433282579028116e+01
-5.645867054666125284e+01
-5.574174826348864542e+01
-5.500668637956225382e+01
-5.508320515359484659e+01
-5.239070360864245401e+01
-5.348360579217516886e+01
-5.602976386750781046e+01
-5.750819390023791300e+01
-5.369011585916125284e+01
-5.324736039842211710e+01
-5.494344060624682413e+01
-5.284537022317492472e+01
-5.205162375176989542e+01
-5.849802129472338663e+01
-5.678143327439867960e+01
-5.455396239961230265e+01
-6.265432303155505167e+01
-5.827342169488512980e+01
-6.043534367288195597e+01
-5.547243802751147257e+01
-5.486527960504137980e+01
-6.546220605577074991e+01
-6.660613243783556925e+01
-5.978259842599474894e+01
-6.303796332086169230e+01
-5.724275391305529581e+01
-5.411760561669909464e+01
-6.495030682290637003e+01
-6.258921973908984171e+01
-5.854833452905261026e+01
-6.523763148988329874e+01
-6.555989353860461222e+01
-5.082037394250475870e+01
-5.558640258515917765e+01
-6.197376506532275187e+01
-6.253874128068530069e+01
-6.125922601426684366e+01
-5.901553313935839640e+01
-5.662257783616625773e+01
-6.501986115182482706e+01
-6.111175101007067667e+01
-6.413761966432177530e+01
-6.119087331498705851e+01
-5.360966675485217081e+01
-5.967307989801012980e+01
-5.631815498078906046e+01
-6.205081455911242472e+01
-5.976911514009081827e+01
-5.366393034661852823e+01
-5.968756954873644816e+01
-6.312821572030627237e+01
-6.284686415399157511e+01
-5.743424360955798136e+01
-5.668518774713122355e+01
-5.552203028405749308e+01
-5.324418609345995890e+01
-5.834299605096423136e+01
-6.272672622407519327e+01
-6.003423469270312296e+01
-6.053339164460741983e+01
-6.202054851258837687e+01
-6.234270041192614542e+01
-6.068885247911059366e+01
-6.350853650773608194e+01
-5.973047273362719523e+01
-5.573772781098925577e+01
-5.552691190446459757e+01
-6.349730627740466105e+01
-5.957665412629687296e+01
-6.270712964738451944e+01
-6.001995532716357218e+01
-5.431655543054186808e+01
-5.853846614564501749e+01
-5.172473542893969523e+01
-5.865570514405810343e+01
-5.737071244920336710e+01
-5.182014982904040323e+01
-5.513591163362109171e+01
-6.110322444642626749e+01
-6.128182666505419718e+01
-5.965454476083361612e+01
-5.594826333726489054e+01
-6.014610140527331339e+01
-6.103522722924792276e+01
-5.383821671212756144e+01
-5.933785526956164347e+01
-6.256152718270861612e+01
-6.279797284806811319e+01
-5.925372617448412882e+01
-6.260135619844042765e+01
-5.605054204667651163e+01
-5.831821744645678507e+01
-5.920871012414538370e+01
-5.974309985841357218e+01
-6.382802479470812784e+01
-5.687786405290209757e+01
-5.889573567117297159e+01
-5.999636333192431437e+01
-6.010606711114489542e+01
-6.043107788766467081e+01
-5.767539065087878214e+01
-5.956936924661242472e+01
-5.868109958375536905e+01
-6.004235570634448038e+01
-6.174528019631945597e+01
-5.659988205636584269e+01
-6.448994748796069132e+01
-5.861452930177294718e+01
-5.572766916955553995e+01
-5.804011028016650187e+01
-5.856000035012804972e+01
-5.361494391168200480e+01
-6.165739600862109171e+01
-6.475513212884509073e+01
-5.680506532395922648e+01
-5.908482711518847452e+01
-5.895206706727587687e+01
-6.135346882546984659e+01
-6.016183273995959269e+01
-5.480512802804553019e+01
-5.979066436494433390e+01
-6.109995501245104776e+01
-5.693603794778429972e+01
-6.080275194848620401e+01
-6.132759874070727335e+01
-5.939851253236376749e+01
-5.549326627458178507e+01
-5.733792298043810831e+01
-5.541186588014208780e+01
-5.156229012216174112e+01
-5.904536359513842569e+01
-5.899170081819140421e+01
-5.902434509004199015e+01
-5.613632838929736124e+01
