-6.927846174622240483e+01
-6.761545257950487553e+01
-7.243752866173448979e+01
-7.063956766510668217e+01
-7.065880637551012455e+01
-7.365865903282823979e+01
-6.900169067764940678e+01
-7.038896160507860600e+01
-6.774900465393724858e+01
-7.381043963814440190e+01
-7.192359643364611088e+01
-6.678490381622972905e+01
-7.178348951721849858e+01
-6.994165592575731694e+01
-7.211445241356554448e+01
-7.328145890618029057e+01
-7.402104168320360600e+01
-7.154652314568224369e+01
-6.817098789597216069e+01
-7.247586112404528080e+01
-7.331140189552965580e+01
-7.217640858078661381e+01
-7.213206487084093510e+01
-7.238989620590868412e+01
-7.161142378235521733e+01
-7.352481251145067631e+01
-6.876222830200853764e+01
-6.938641052628221928e+01
-7.233534651184740483e+01
-7.355927186394396244e+01
-7.126561623001757084e+01
-6.948979764366808354e+01
-7.300264029884996830e+01
-7.131808214569750248e+01
-7.241285853768053471e+01
-6.902575378800096928e+01
-7.200559764290514408e+01
-6.918300657654467045e+01
-7.214536481285753666e+01
-7.110916071320238530e+01
-7.147467356110277592e+01
-7.257192330742540776e+01
-7.064110331917467533e+01
-7.193121128464403569e+01
-7.042292266274156987e+01
-6.987657862091722905e+01
-7.477256088638964115e+01
-7.473519783402147709e+01
-7.266705232048693119e+01
-7.108362989807787358e+01
-7.620567040825548588e+01
-7.328458004379930912e+01
-7.338331489945116459e+01
-7.359527593041124760e+01
-7.084769182587328373e+01
-7.221922116661730229e+01
-7.290158610726061283e+01
-7.533200102234545170e+01
-7.033627372170153080e+01
-7.285703854942980229e+01
-7.322438602829637944e+01
-7.184733467484178959e+01
-7.092596941376390873e+01
-7.086539941216173588e+01
-7.166280703926744877e+01
-7.263758044624987065e+01
-7.289526682282152592e+01
-7.280227141762438237e+01
-7.252238374138536869e+01
-7.113523059273424565e+01
-6.918749575997057377e+01
-7.160096865082445561e+01
-7.089283280754747807e+01
-7.078768806839647709e+01
-7.159521561051073490e+01
-6.969074635887804448e+01
-7.249458794975939213e+01
-7.144007378006639897e+01
-6.984344201470079838e+01
-6.999137668991747319e+01
-7.148910599137010990e+01
-7.398135476494493901e+01
-7.243025808716478764e+01
-7.182786040688219487e+01
-7.076135092163744389e+01
-7.261471777344408451e+01
-7.513001947785082280e+01
-7.294693546677294194e+01
-7.158821230316820561e+01
-7.088888268852892338e+01
-7.098649411583605229e+01
-7.010701280022325932e+01
-6.843396525765123783e+01
-6.885257821465197026e+01
-7.175108676338854252e+01
-7.294881086731615483e+01
-6.930968218231859623e+01
-6.905229025269213139e+01
-7.097139125252428471e+01
-6.820616751099291264e+01
-6.798403220558824955e+01
-7.471366243744554936e+01
-7.344876819039049565e+01
-7.236027937317552983e+01
-6.936269622231188237e+01
-7.735739736939135014e+01
-7.330939059639635502e+01
-7.501902656937303959e+01
-7.038712244415941655e+01
-6.886499481583300053e+01
-8.113862615013781010e+01
-7.445893865013781010e+01
-7.703544454956713139e+01
-7.220112400437059819e+01
-6.957562666321459233e+01
-7.753038721466722905e+01
-7.255325990105333744e+01
-6.438109784508409916e+01
-7.117237620735826908e+01
-7.619157772446337162e+01
-7.730254416847887455e+01
-7.506992512131395756e+01
-6.514392834091844975e+01
-7.263145594978990971e+01
-7.090635471726122319e+01
-7.563127689743700444e+01
-7.757608991051378666e+01
-7.628964214707079350e+01
-6.877272873306932865e+01
-7.785079079056444584e+01
-7.469196396256151615e+01
-7.096119432831468998e+01
-7.345725279236498295e+01
-6.845786981964769780e+01
-7.428848557854357182e+01
-7.803405456925096928e+01
-7.751525264168444096e+01
-7.242172365570726811e+01
-7.219866423989000737e+01
-6.995077472115221440e+01
-6.750029211426439701e+01
-7.254329400444689213e+01
-7.688212829018297612e+01
-7.858077006722155033e+01
-7.499331455612841069e+01
-7.461741452599230229e+01
-7.601919942284288823e+01
-7.403344016457262455e+01
-7.718073826218309819e+01
-7.099868874931993901e+01
-7.067401342774095951e+01
-7.479338961029711186e+01
-6.884463720703783451e+01
-7.350503020668688237e+01
-7.517294531250658451e+01
-7.376406197930040776e+01
-7.055619841004076420e+01
-6.606354504013719975e+01
-7.816025905991259037e+01
-6.946728377724352299e+01
-7.671565251732531010e+01
-7.570718531990709721e+01
-7.401303272629442631e+01
-7.024035196686449467e+01
-7.694185572052660405e+01
-7.436972122574510990e+01
-7.505439644241991459e+01
-6.870024042511644780e+01
-7.433414297486010014e+01
-7.789222627068224369e+01
-7.416065030480089604e+01
-7.715318708801927983e+01
-7.035516815567675053e+01
-7.700496249581041752e+01
-7.401657514954271733e+01
-7.203501515770616948e+01
-7.438936310196581303e+01
-7.878286486054125248e+01
-7.795622997666063725e+01
-7.583741240883531987e+01
-6.997650485420885502e+01
-7.418351297760668217e+01
-7.400765114212694584e+01
-7.482062821770372807e+01
-7.528848629379930912e+01
-7.281078319931688725e+01
-7.446001677895250737e+01
-7.285522203827562748e+01
-7.606682734871569096e+01
-7.088153057480516850e+01
-7.851080041313829838e+01
-7.226849799538317143e+01
-7.033346968079271733e+01
-7.120939045334520756e+01
-7.328187113190355717e+01
-6.836078839684191166e+01
-7.866194229508104740e+01
-7.213332419777574955e+01
-7.384938364411058842e+01
-7.679403882408800541e+01
-7.340981512451830326e+01
-7.567977004433336674e+01
-7.444598298454943119e+01
-6.957830386543932377e+01
-7.381593900108995854e+01
-7.553377871895494877e+01
-7.183931665802660405e+01
-7.496606235886278569e+01
-7.373309975052538334e+01
-6.987636118317308842e+01
-7.221943407440843998e+01
-6.913787918472948490e+01
-6.683831649208727299e+01
-7.347232394600573002e+01
-7.421645932579698979e+01
-7.432210235977831303e+01
-7.060814791107836186e+01
